pinnedPosition
( -5 , 0 , 0.244596 )
twistAxis
( 0.969681 , 0 , 0.244372 )
num_nodes
17
( -5 , 0 , 0.801689 )
( 0.333334 , 0 , 0.801689 )
( 3 , 0 , 0.801689 )
( 5.66667 , 0 , 0.801689 )
( 8.33333 , 0 , 0.801689 )
( 11 , 0 , 0.801689 )
( 0.333334 , 0 , 0.051689 )
( 3 , 0 , 0.051689 )
( 5.66667 , 0 , 0.051689 )
( 8.33333 , 0 , 0.051689 )
( 11 , 0 , 0.051689 )
( -5 , 0 , -0.698311 )
( 0.333334 , 0 , -0.698311 )
( 3 , 0 , -0.698311 )
( 5.66667 , 0 , -0.698311 )
( 8.33333 , 0 , -0.698311 )
( 11 , 0 , -0.698311 )
num_elements
19
1 2 6
6 2 7
7 2 8
8 2 3
3 4 8
8 4 9
9 4 10
10 4 5
12 11 6
11 0 6
0 1 6
12 6 13
13 6 7
7 8 13
13 8 14
14 8 15
15 8 9
9 10 15
15 10 16
num_edges
35
0 1 6 -1
1 2 6 -1
2 3 8 -1
3 4 8 -1
4 5 10 -1
6 7 2 13
7 8 2 13
8 9 4 15
9 10 4 15
11 12 6 -1
12 13 6 -1
13 14 8 -1
14 15 8 -1
15 16 10 -1
0 11 6 -1
1 6 2 0
2 7 8 6
3 8 4 2
4 9 10 8
5 10 4 -1
6 12 13 11
7 13 8 6
8 14 15 13
9 15 10 8
10 16 15 -1
2 6 7 1
8 2 7 3
4 8 9 3
10 4 9 5
11 6 0 12
0 6 1 11
13 6 7 12
8 13 14 7
15 8 9 14
10 15 16 9
0
( ( 1 , 0 , 0 ) , ( 0 , 1 , 0 ) , ( 0 , 0 , 1 ) ) + ( 0 , 0 , 0 )
( -1000 , 0 , 0 )
( 0 , 0 , 0 )
( 0 , 0 , 0 )
( 0 , 0 , 0 )
1
( ( 1 , 0 , 0 ) , ( -4.33681e-019 , 0.99993 , -0.0118308 ) , ( 2.77556e-017 , 0.0118308 , 0.99993 ) ) + ( 0 , 0.354924 , -0.00209959 )
( -1000 , 429.381 , -2.54004 )
( -13.7668 , -3.33069e-014 , 3.46942 )
( 0 , 2.06103e+006 , -12192.2 )
( -66080.8 , -1.59873e-010 , 16653.2 )
2
( ( 1 , -1.73472e-018 , 0 ) , ( 4.33681e-019 , 0.999711 , -0.0240421 ) , ( 0 , 0.0240421 , 0.999711 ) ) + ( 0 , 0.721262 , -0.00867158 )
( -1000 , 872.571 , -10.4907 )
( -27.9785 , -9.99225e-014 , 7.05094 )
( 0 , 66288.1 , -25971.1 )
( -2135.14 , -1.59834e-010 , 538.083 )
3
( ( 1 , 0 , 0 ) , ( 0 , 0.999329 , -0.0366186 ) , ( 0 , 0.0366186 , 0.999329 ) ) + ( 0 , 1.09856 , -0.0201206 )
( -1000 , 899.638 , -21.8015 )
( -28.8528 , -9.99104e-014 , 7.27127 )
( 0 , 63631.4 , -28320.8 )
( -2061.51 , 3.19668e-010 , 519.526 )
4
( ( 1 , 1.73472e-018 , 2.77556e-017 ) , ( 8.67362e-019 , 0.998772 , -0.0495449 ) , ( -5.55112e-017 , 0.0495449 , 0.998772 ) ) + ( 0 , 1.48635 , -0.036843 )
( -1000 , 925.586 , -34.0814 )
( -29.6964 , 3.32588e-014 , 7.48388 )
( 0 , 60917.7 , -30622.4 )
( -1987.91 , 1.596e-010 , 500.978 )
5
( ( 1 , 5.20417e-018 , 8.32667e-017 ) , ( -6.07153e-018 , 0.998026 , -0.0628049 ) , ( -5.55112e-017 , 0.0628049 , 0.998026 ) ) + ( 0 , 1.88415 , -0.0592252 )
( -1000 , 950.39 , -47.3081 )
( -30.5094 , -1.62635e-016 , 7.68875 )
( 0 , 58143.8 , -32866.1 )
( -1914.25 , -1.60185e-010 , 482.415 )
6
( ( 1 , -3.46945e-018 , -2.77556e-017 ) , ( -5.20417e-018 , 0.997079 , -0.0763824 ) , ( 0 , 0.0763824 , 0.997079 ) ) + ( 0 , 2.29147 , -0.087642 )
( -1000 , 974.027 , -61.4558 )
( -31.2916 , 0 , 7.88589 )
( 0 , 55313.1 , -35042.7 )
( -1840.64 , 1.61435e-010 , 463.864 )
7
( ( 1 , -3.46945e-018 , 2.77556e-017 ) , ( 6.93889e-018 , 0.995918 , -0.0902608 ) , ( -2.77556e-017 , 0.0902608 , 0.995918 ) ) + ( 0 , 2.70782 , -0.122455 )
( -1000 , 996.472 , -76.4945 )
( -32.0432 , -3.27223e-014 , 8.07531 )
( 0 , 52424.4 , -37143.1 )
( -1767.01 , -4.78683e-010 , 445.31 )
8
( ( 1 , -6.93889e-018 , -2.77556e-017 ) , ( 5.20417e-018 , 0.994533 , -0.104423 ) , ( 0 , 0.104423 , 0.994533 ) ) + ( 0 , 3.1327 , -0.164012 )
( -1000 , 1017.7 , -92.3907 )
( -32.7641 , 3.38282e-014 , 8.25699 )
( 0 , 49480.5 , -39158.7 )
( -1693.42 , 9.57367e-010 , 426.764 )
9
( ( 1 , 0 , 0 ) , ( -3.46945e-018 , 0.992912 , -0.118853 ) , ( 2.77556e-017 , 0.118853 , 0.992912 ) ) + ( 0 , 3.56558 , -0.212642 )
( -1000 , 1037.69 , -109.107 )
( -33.4544 , 1.32711e-013 , 8.43094 )
( 0 , 46478.8 , -41080.5 )
( -1619.73 , -6.42616e-010 , 408.192 )
10
( ( 1 , 1.38778e-017 , 2.77556e-017 ) , ( -3.46945e-018 , 0.991045 , -0.133531 ) , ( -5.55112e-017 , 0.133531 , 0.991045 ) ) + ( 0 , 4.00593 , -0.268661 )
( -1000 , 1056.42 , -126.603 )
( -34.1139 , -1.00834e-013 , 8.59715 )
( 0 , 43428.1 , -42901.2 )
( -1546.14 , -4.77747e-010 , 389.646 )
11
( ( 1 , 6.93889e-018 , 0 ) , ( -1.04083e-017 , 0.988921 , -0.148441 ) , ( 0 , 0.148441 , 0.988921 ) ) + ( 0 , 4.45323 , -0.332362 )
( -1000 , 1073.87 , -144.835 )
( -34.7428 , -2.60218e-016 , 8.75564 )
( 0 , 40326.8 , -44612.5 )
( -1472.51 , 9.60491e-010 , 371.092 )
12
( ( 1 , 0 , -2.77556e-017 ) , ( -6.93889e-018 , 0.986533 , -0.163565 ) , ( 0 , 0.163565 , 0.986533 ) ) + ( 0 , 4.90694 , -0.404021 )
( -1000 , 1090.02 , -163.756 )
( -35.341 , 6.71364e-014 , 8.9064 )
( 0 , 37179.4 , -46207.1 )
( -1398.88 , -6.36997e-010 , 352.537 )
13
( ( 1 , 0 , 2.77556e-017 ) , ( 6.93889e-018 , 0.98387 , -0.178883 ) , ( -2.77556e-017 , 0.178883 , 0.98387 ) ) + ( 0 , 5.36649 , -0.48389 )
( -1000 , 1104.85 , -183.316 )
( -35.9086 , -6.55751e-014 , 9.04942 )
( 0 , 33989.5 , -47678.1 )
( -1325.26 , -1.24906e-012 , 333.982 )
14
( ( 1 , 6.93889e-018 , 0 ) , ( -1.04083e-017 , 0.980927 , -0.194378 ) , ( 2.77556e-017 , 0.194378 , 0.980927 ) ) + ( 0 , 5.83135 , -0.5722 )
( -1000 , 1118.34 , -203.461 )
( -36.4454 , -3.43489e-014 , 9.18471 )
( 0 , 30761.5 , -49019 )
( -1251.63 , 1.51131e-010 , 315.428 )
15
( ( 1 , 0 , 0 ) , ( -3.46945e-018 , 0.977695 , -0.210031 ) , ( 0 , 0.210031 , 0.977695 ) ) + ( 0 , 6.30094 , -0.66916 )
( -1000 , 1130.48 , -224.136 )
( -36.9516 , 3.33081e-014 , 9.31228 )
( 0 , 27499.8 , -50223.7 )
( -1178.01 , 1.74862e-010 , 296.873 )
16
( ( 1 , 0 , 0 ) , ( -3.46945e-018 , 0.974168 , -0.225823 ) , ( 0 , 0.225823 , 0.974168 ) ) + ( 0 , 6.7747 , -0.774951 )
( -1000 , 1141.25 , -245.284 )
( -37.4271 , 2.08176e-015 , 9.43211 )
( 0 , 24212.2 , -51287 )
( -1104.46 , -1.6487e-010 , 278.339 )
17
( ( 1 , 6.93889e-018 , -2.77556e-017 ) , ( -1.38778e-017 , 0.970342 , -0.241735 ) , ( 0 , 0.241735 , 0.970342 ) ) + ( 0 , 7.25205 , -0.889732 )
( -1000 , 1150.65 , -266.844 )
( -37.8719 , 3.12264e-014 , 9.54421 )
( 0 , 20891.7 , -52201 )
( -1030.59 , 1.44886e-010 , 259.723 )
18
( ( 1 , -2.08167e-017 , 2.77556e-017 ) , ( 1.38778e-017 , 0.966212 , -0.257748 ) , ( 0 , 0.257748 , 0.966212 ) ) + ( 0 , 7.73244 , -1.01363 )
( -1000 , 1158.66 , -288.755 )
( -38.2861 , -6.50551e-014 , 9.64858 )
( 0 , 17571.3 , -52967.5 )
( -957.296 , -7.64397e-010 , 241.251 )
19
( ( 1 , -1.38778e-017 , 2.77556e-017 ) , ( 2.77556e-017 , 0.961775 , -0.273842 ) , ( -2.77556e-017 , 0.273842 , 0.961775 ) ) + ( 0 , 8.21527 , -1.14676 )
( -1000 , 1165.28 , -310.951 )
( -38.6695 , -1.28028e-013 , 9.74522 )
( 0 , 14219.9 , -53573.3 )
( -883.34 , 6.12017e-010 , 222.613 )
20
( ( 1 , 2.77556e-017 , 5.55112e-017 ) , ( 0 , 0.957027 , -0.289999 ) , ( -2.77556e-017 , 0.289999 , 0.957027 ) ) + ( 0 , 8.69997 , -1.28919 )
( -1000 , 1170.51 , -333.367 )
( -39.0223 , 6.14121e-014 , 9.83412 )
( 0 , 10883.8 , -54025 )
( -810.048 , 3.0476e-010 , 204.143 )
21
( ( 1 , -1.38778e-017 , 8.32667e-017 ) , ( 2.77556e-017 , 0.951967 , -0.306199 ) , ( -2.77556e-017 , 0.306199 , 0.951967 ) ) + ( 0 , 9.18598 , -1.44098 )
( -1000 , 1174.35 , -355.936 )
( -39.3444 , -3.33083e-014 , 9.9153 )
( 0 , 7529.57 , -54308.5 )
( -736.086 , -7.54406e-010 , 185.503 )
22
( ( 1 , -1.38778e-017 , 2.77556e-017 ) , ( 0 , 0.946596 , -0.322423 ) , ( -2.77556e-017 , 0.322423 , 0.946596 ) ) + ( 0 , 9.6727 , -1.60213 )
( -1000 , 1176.79 , -378.591 )
( -39.6359 , -3.12265e-014 , 9.98875 )
( 0 , 4204.4 , -54433.3 )
( -662.8 , 7.54406e-010 , 167.034 )
23
( ( 1 , 1.38778e-017 , 0 ) , ( 0 , 0.940911 , -0.338653 ) , ( -2.77556e-017 , 0.338653 , 0.940911 ) ) + ( 0 , 10.1596 , -1.77266 )
( -1000 , 1177.85 , -401.261 )
( -39.8966 , 2.60221e-014 , 10.0545 )
( 0 , 874.951 , -54384.7 )
( -588.833 , -4.6963e-010 , 148.393 )
24
( ( 1 , -4.16334e-017 , 0 ) , ( 2.08167e-017 , 0.934916 , -0.354868 ) , ( 0 , 0.354868 , 0.934916 ) ) + ( 0 , 10.646 , -1.95251 )
( -1000 , 1177.53 , -423.878 )
( -40.1267 , 7.2862e-014 , 10.1124 )
( 0 , -2411.18 , -54174.9 )
( -515.551 , 6.94453e-010 , 129.925 )
25
( ( 1 , 1.38778e-017 , 2.77556e-017 ) , ( -2.08167e-017 , 0.928613 , -0.371051 ) , ( 0 , 0.371051 , 0.928613 ) ) + ( 0 , 11.1315 , -2.14162 )
( -1000 , 1175.84 , -446.37 )
( -40.3261 , 3.33084e-014 , 10.1627 )
( 0 , -5687.15 , -53788.8 )
( -441.58 , -7.34422e-010 , 111.284 )
26
( ( 1 , 2.77556e-017 , 5.55112e-017 ) , ( -1.38778e-017 , 0.922003 , -0.387182 ) , ( -5.55112e-017 , 0.387182 , 0.922003 ) ) + ( 0 , 11.6155 , -2.33991 )
( -1000 , 1172.8 , -468.668 )
( -40.4948 , -1.79032e-013 , 10.2052 )
( 0 , -8905.24 , -53241.2 )
( -368.301 , -2.69788e-010 , 92.8167 )
27
( ( 1 , 1.38778e-017 , 0 ) , ( -1.38778e-017 , 0.915092 , -0.403245 ) , ( 2.77556e-017 , 0.403245 , 0.915092 ) ) + ( 0 , 12.0973 , -2.54723 )
( -1000 , 1168.43 , -490.701 )
( -40.6329 , 3.53902e-014 , 10.24 )
( 0 , -12098.4 , -52516.7 )
( -294.328 , 1.12911e-009 , 74.1744 )
28
( ( 1 , -1.38778e-017 , 2.77556e-017 ) , ( 6.93889e-018 , 0.907885 , -0.419219 ) , ( 0 , 0.419219 , 0.907885 ) ) + ( 0 , 12.5766 , -2.76345 )
( -1000 , 1162.74 , -512.399 )
( -40.7402 , 1.72787e-013 , 10.2671 )
( 0 , -15219.3 , -51632.8 )
( -221.051 , -6.29504e-010 , 55.7078 )
29
( ( 1 , 0 , -2.77556e-017 ) , ( 0 , 0.900387 , -0.435089 ) , ( 2.77556e-017 , 0.435089 , 0.900387 ) ) + ( 0 , 13.0527 , -2.98838 )
( -1000 , 1155.75 , -533.692 )
( -40.8169 , 4.16355e-015 , 10.2864 )
( 0 , -18300.6 , -50573.6 )
( -147.076 , -1.79858e-010 , 37.065 )
30
( ( 1 , -1.38778e-017 , 8.32667e-017 ) , ( 4.85723e-017 , 0.892606 , -0.450837 ) , ( -5.55112e-017 , 0.450837 , 0.892606 ) ) + ( 0 , 13.5251 , -3.22181 )
( -1000 , 1147.5 , -554.511 )
( -40.8629 , -1.24907e-013 , 10.298 )
( 0 , -21295.5 , -49359.2 )
( -73.8009 , -2.69788e-010 , 18.5988 )
31
( ( 1 , 1.38778e-017 , 0 ) , ( -6.93889e-018 , 0.88455 , -0.466445 ) , ( 0 , 0.466445 , 0.88455 ) ) + ( 0 , 13.9934 , -3.4635 )
( -1000 , 1138.02 , -574.789 )
( -40.8783 , -3.7472e-014 , 10.3019 )
( 0 , -24236.5 , -47973.5 )
( 0.175376 , 5.19591e-010 , -0.044197 )
32
( ( 1 , -2.77556e-017 , -2.77556e-017 ) , ( 0 , 0.876227 , -0.481898 ) , ( 2.77556e-017 , 0.481898 , 0.876227 ) ) + ( 0 , 14.4569 , -3.71318 )
( -1000 , 1127.33 , -594.459 )
( -40.863 , 1.56133e-013 , 10.298 )
( 0 , -27073.1 , -46441.5 )
( 73.2749 , 4.1967e-010 , -18.4662 )
33
( ( 1 , -1.38778e-017 , 0 ) , ( 0 , 0.867648 , -0.49718 ) , ( 0 , 0.49718 , 0.867648 ) ) + ( 0 , 14.9154 , -3.97057 )
( -1000 , 1115.47 , -613.454 )
( -40.817 , 2.08177e-015 , 10.2864 )
( 0 , -29856.8 , -44736.3 )
( 147.602 , -1.00921e-009 , -37.1975 )
34
( ( 1 , -1.38778e-017 , -8.32667e-017 ) , ( -5.55112e-017 , 0.858822 , -0.512275 ) , ( 5.55112e-017 , 0.512275 , 0.858822 ) ) + ( 0 , 15.3682 , -4.23535 )
( -1000 , 1102.47 , -631.711 )
( -40.7402 , -8.3271e-015 , 10.2671 )
( 0 , -32518.8 , -42895.4 )
( 220.876 , 9.39261e-010 , -55.6636 )
35
( ( 1 , -1.38778e-017 , 0 ) , ( 0 , 0.849761 , -0.527168 ) , ( 0 , 0.527168 , 0.849761 ) ) + ( 0 , 15.815 , -4.50717 )
( -1000 , 1088.39 , -649.169 )
( -40.6328 , -3.33084e-014 , 10.24 )
( 0 , -35091.8 , -40902.7 )
( 294.501 , -1.03918e-009 , -74.2182 )
36
( ( 1 , 0 , 5.55112e-017 ) , ( 1.38778e-017 , 0.840478 , -0.541846 ) , ( -5.55112e-017 , 0.541846 , 0.840478 ) ) + ( 0 , 16.2554 , -4.78567 )
( -1000 , 1073.25 , -665.768 )
( -40.4949 , -1.20743e-013 , 10.2052 )
( 0 , -37551.7 , -38774.2 )
( 367.781 , 6.19512e-010 , -92.6855 )
37
( ( 1 , 5.55112e-017 , 8.32667e-017 ) , ( 0 , 0.830985 , -0.556295 ) , ( -5.55112e-017 , 0.556295 , 0.830985 ) ) + ( 0 , 16.6889 , -5.07045 )
( -1000 , 1057.11 , -681.448 )
( -40.3261 , -1.08252e-013 , 10.1627 )
( 0 , -39929.8 , -36491.8 )
( 442.1 , -3.99685e-010 , -111.415 )
38
( ( 1 , 5.55112e-017 , -5.55112e-017 ) , ( -6.93889e-017 , 0.821296 , -0.570502 ) , ( 0 , 0.570502 , 0.821296 ) ) + ( 0 , 17.1151 , -5.36111 )
( -1000 , 1040.01 , -696.154 )
( -40.1267 , 7.49438e-014 , 10.1124 )
( 0 , -42166.5 , -34095.9 )
( 515.378 , 1.11912e-009 , -129.882 )
39
( ( 1 , -2.77556e-017 , -2.77556e-017 ) , ( 1.38778e-017 , 0.811427 , -0.584454 ) , ( 2.77556e-017 , 0.584454 , 0.811427 ) ) + ( 0 , 17.5336 , -5.6572 )
( -1000 , 1022 , -709.834 )
( -39.8966 , 2.16504e-013 , 10.0545 )
( 0 , -44294.6 , -31569.6 )
( 589.003 , -5.99528e-010 , -148.436 )
40
( ( 1 , 2.77556e-017 , -2.77556e-017 ) , ( 0 , 0.801391 , -0.598141 ) , ( 2.77556e-017 , 0.598141 , 0.801391 ) ) + ( 0 , 17.9442 , -5.95827 )
( -1000 , 1003.12 , -722.439 )
( -39.6359 , -8.32708e-015 , 9.98876 )
( 0 , -46292.5 , -28931.2 )
( 662.291 , -3.19748e-010 , -166.906 )
41
( ( 1 , 2.77556e-017 , 0 ) , ( 0 , 0.791205 , -0.611551 ) , ( -2.77556e-017 , 0.611551 , 0.791205 ) ) + ( 0 , 18.3465 , -6.26385 )
( -1000 , 983.439 , -733.917 )
( -39.3445 , -8.32707e-015 , 9.91531 )
( 0 , -48191.1 , -26162.2 )
( 736.594 , 3.39732e-010 , -185.631 )
42
( ( 1 , 2.77556e-017 , -2.77556e-017 ) , ( -5.55112e-017 , 0.780885 , -0.624674 ) , ( -2.77556e-017 , 0.624674 , 0.780885 ) ) + ( 0 , 18.7402 , -6.57344 )
( -1000 , 962.995 , -744.223 )
( -39.0223 , 1.66541e-014 , 9.83412 )
( 0 , -49936.6 , -23306.9 )
( 809.879 , -3.79701e-010 , -204.1 )
43
( ( 1 , 2.77556e-017 , 2.77556e-017 ) , ( 0 , 0.770449 , -0.637502 ) , ( -2.77556e-017 , 0.637502 , 0.770449 ) ) + ( 0 , 19.1251 , -6.88654 )
( -1000 , 941.85 , -753.317 )
( -38.6695 , -1.04088e-013 , 9.74521 )
( 0 , -51561.2 , -20347.3 )
( 883.504 , -3.99684e-011 , -222.655 )
44
( ( 1 , 0 , 0 ) , ( 0 , 0.759913 , -0.650025 ) , ( -2.77556e-017 , 0.650025 , 0.759913 ) ) + ( 0 , 19.5007 , -7.20261 )
( -1000 , 920.057 , -761.161 )
( -38.2861 , -4.57988e-014 , 9.64859 )
( 0 , -53047 , -17303.6 )
( 956.805 , 2.79779e-010 , -241.127 )
45
( ( 1 , 2.77556e-017 , -2.77556e-017 ) , ( -8.32667e-017 , 0.749296 , -0.662235 ) , ( 0 , 0.662235 , 0.749296 ) ) + ( 0 , 19.8671 , -7.52113 )
( -1000 , 897.667 , -767.715 )
( -37.8719 , 8.32704e-014 , 9.54422 )
( 0 , -54424.2 , -14156.6 )
( 1031.08 , 4.99606e-010 , -259.846 )
46
( ( 1 , 2.77556e-017 , 0 ) , ( -5.55112e-017 , 0.738616 , -0.674127 ) , ( -2.77556e-017 , 0.674127 , 0.738616 ) ) + ( 0 , 20.2238 , -7.84153 )
( -1000 , 874.736 , -772.947 )
( -37.4271 , 1.66541e-014 , 9.4321 )
( 0 , -55645.6 , -10953.1 )
( 1104.38 , -8.39338e-010 , -278.318 )
47
( ( 1 , 0 , 2.77556e-017 ) , ( -1.38778e-017 , 0.727892 , -0.685692 ) , ( -2.77556e-017 , 0.685692 , 0.727892 ) ) + ( 0 , 20.5708 , -8.16325 )
( -1000 , 851.323 , -776.829 )
( -36.9516 , -4.16351e-014 , 9.31229 )
( 0 , -56735.7 , -7681.07 )
( 1177.69 , 5.59558e-010 , -296.794 )
48
( ( 1 , 2.77556e-017 , 0 ) , ( -2.77556e-017 , 0.717143 , -0.696926 ) , ( -2.77556e-017 , 0.696926 , 0.717143 ) ) + ( 0 , 20.9078 , -8.48572 )
( -1000 , 827.479 , -779.331 )
( -36.4454 , -2.4981e-014 , 9.18472 )
( 0 , -57716.3 , -4327.69 )
( 1251.95 , -6.39495e-010 , -315.507 )
49
( ( 1 , 0 , 2.77556e-017 ) , ( 0 , 0.706388 , -0.707824 ) , ( 2.77556e-017 , 0.707824 , 0.706388 ) ) + ( 0 , 21.2347 , -8.80835 )
( -1000 , 803.257 , -780.428 )
( -35.9085 , 0 , 9.04941 )
( 0 , -58545.7 , -940.488 )
( 1325.26 , 6.79463e-010 , -333.982 )
50
( ( 1 , -5.55112e-017 , 0 ) , ( -1.38778e-017 , 0.695648 , -0.718382 ) , ( -2.77556e-017 , 0.718382 , 0.695648 ) ) + ( 0 , 21.5515 , -9.13055 )
( -1000 , 778.716 , -780.103 )
( -35.341 , 3.3308e-014 , 8.90639 )
( 0 , -59254.9 , 2499.88 )
( 1398.88 , -3.99684e-010 , -352.536 )
51
( ( 1 , 5.55112e-017 , 8.32667e-017 ) , ( -1.38778e-017 , 0.684943 , -0.728597 ) , ( -5.55112e-017 , 0.728597 , 0.684943 ) ) + ( 0 , 21.8579 , -9.45172 )
( -1000 , 753.906 , -778.338 )
( -34.7429 , -1.08251e-013 , 8.75565 )
( 0 , -59833.2 , 5972.8 )
( 1472.21 , -2.79779e-010 , -371.017 )
52
( ( 1 , -5.55112e-017 , 8.32667e-017 ) , ( 4.16334e-017 , 0.674292 , -0.738465 ) , ( -2.77556e-017 , 0.738465 , 0.674292 ) ) + ( 0 , 22.154 , -9.77125 )
( -1000 , 728.876 , -775.115 )
( -34.114 , 8.32697e-015 , 8.59716 )
( 0 , -60309.2 , 9497.78 )
( 1546.43 , 6.79463e-010 , -389.721 )
53
( ( 1 , 8.32667e-017 , 1.11022e-016 ) , ( -1.38778e-017 , 0.663715 , -0.747985 ) , ( -5.55112e-017 , 0.747985 , 0.663715 ) ) + ( 0 , 22.4396 , -10.0885 )
( -1000 , 703.676 , -770.422 )
( -33.4543 , 2.49809e-014 , 8.43093 )
( 0 , -60648.6 , 13027.8 )
( 1619.76 , -6.39494e-010 , -408.2 )
54
( ( 1 , -8.32667e-017 , 5.55112e-017 ) , ( 2.77556e-017 , 0.653234 , -0.757156 ) , ( 0 , 0.757156 , 0.653234 ) ) + ( 0 , 22.7147 , -10.403 )
( -1000 , 678.358 , -764.253 )
( -32.7641 , 8.32695e-015 , 8.25698 )
( 0 , -60881.9 , 16582.6 )
( 1693.38 , 7.1943e-010 , -426.755 )
55
( ( 1 , 2.77556e-017 , 2.77556e-017 ) , ( -2.77556e-017 , 0.642869 , -0.765977 ) , ( -2.77556e-017 , 0.765977 , 0.642869 ) ) + ( 0 , 22.9793 , -10.7139 )
( -1000 , 652.965 , -756.602 )
( -32.0433 , 0 , 8.07531 )
( 0 , -61002.2 , 20142.6 )
( 1766.74 , -5.99525e-010 , -445.241 )
56
( ( 1 , -2.77556e-017 , 8.32667e-017 ) , ( 5.55112e-017 , 0.632639 , -0.774447 ) , ( 2.77556e-017 , 0.774447 , 0.632639 ) ) + ( 0 , 23.2334 , -11.0208 )
( -1000 , 627.54 , -747.463 )
( -31.2917 , 6.66154e-014 , 7.8859 )
( 0 , -61037.1 , 23727.1 )
( 1840.91 , 7.99367e-010 , -463.933 )
57
( ( 1 , -2.77556e-017 , 5.55112e-017 ) , ( 4.16334e-017 , 0.622566 , -0.782567 ) , ( -2.77556e-017 , 0.782567 , 0.622566 ) ) + ( 0 , 23.477 , -11.323 )
( -1000 , 602.124 , -736.834 )
( -30.5093 , 5.82884e-014 , 7.68874 )
( 0 , -60960 , 27291 )
( 1914.26 , -7.99366e-010 , -482.418 )
58
( ( 1 , 2.77556e-017 , 8.32667e-017 ) , ( 1.38778e-017 , 0.612671 , -0.790338 ) , ( -5.55112e-017 , 0.790338 , 0.612671 ) ) + ( 0 , 23.7101 , -11.6199 )
( -1000 , 576.758 , -724.72 )
( -29.6964 , -1.91519e-013 , 7.48387 )
( 0 , -60799.8 , 30854.4 )
( 1987.89 , -3.99683e-010 , -500.973 )
59
( ( 1 , 0 , 8.32667e-017 ) , ( 1.38778e-017 , 0.602973 , -0.797762 ) , ( -5.55112e-017 , 0.797762 , 0.602973 ) ) + ( 0 , 23.9329 , -11.9108 )
( -1000 , 551.476 , -711.126 )
( -28.8528 , -1.0825e-013 , 7.27128 )
( 0 , -60554 , 34399.1 )
( 2061.27 , 7.59398e-010 , -519.467 )
60
( ( 1 , -2.77556e-017 , 2.77556e-017 ) , ( 1.38778e-017 , 0.593492 , -0.80484 ) , ( -2.77556e-017 , 0.80484 , 0.593492 ) ) + ( 0 , 24.1452 , -12.1952 )
( -1000 , 526.308 , -696.055 )
( -27.9785 , 8.32687e-014 , 7.05094 )
( 0 , -60248.7 , 37943.7 )
( 2135.38 , 3.19746e-010 , -538.144 )
61
( ( 1 , -2.77556e-017 , 2.77556e-017 ) , ( 1.38778e-017 , 0.58425 , -0.811574 ) , ( -2.77556e-017 , 0.811574 , 0.58425 ) ) + ( 0 , 24.3472 , -12.4725 )
( -1000 , 501.285 , -679.515 )
( -27.0735 , 3.33074e-014 , 6.82287 )
( 0 , -59864.5 , 41446.8 )
( 2208.76 , -3.59714e-010 , -556.636 )
62
( ( 1 , 0 , 0 ) , ( 0 , 0.575265 , -0.817967 ) , ( -2.77556e-017 , 0.817967 , 0.575265 ) ) + ( 0 , 24.539 , -12.742 )
( -1000 , 476.432 , -661.52 )
( -26.1378 , 0 , 6.58707 )
( 0 , -59429.1 , 44927.8 )
( 2282.39 , -3.05725e-017 , -575.191 )
63
( ( 1 , 2.77556e-017 , 5.55112e-017 ) , ( 0 , 0.566559 , -0.824021 ) , ( -5.55112e-017 , 0.824021 , 0.566559 ) ) + ( 0 , 24.7206 , -13.0032 )
( -1000 , 451.77 , -642.082 )
( -25.1715 , -4.16342e-014 , 6.34354 )
( 0 , -58947.1 , 48376.1 )
( 2356.01 , -3.59714e-010 , -593.745 )
64
( ( 1 , 5.55112e-017 , 8.32667e-017 ) , ( -1.38778e-017 , 0.558149 , -0.829741 ) , ( -5.55112e-017 , 0.829741 , 0.558149 ) ) + ( 0 , 24.8922 , -13.2555 )
( -1000 , 427.318 , -621.217 )
( -24.1746 , -8.32682e-014 , 6.0923 )
( 0 , -58421.4 , 51776.9 )
( 2429.24 , -3.99681e-011 , -612.2 )
65
( ( 1 , -2.77556e-017 , -2.77556e-017 ) , ( 0 , 0.550056 , -0.835128 ) , ( 5.55112e-017 , 0.835128 , 0.550056 ) ) + ( 0 , 25.0538 , -13.4983 )
( -1000 , 403.087 , -598.936 )
( -23.1469 , 1.16575e-013 , 5.83331 )
( 0 , -57890.4 , 55167.8 )
( 2503.68 , 1.15908e-009 , -630.959 )
66
( ( 1 , 2.77556e-017 , 5.55112e-017 ) , ( 4.16334e-017 , 0.542299 , -0.840186 ) , ( -2.77556e-017 , 0.840186 , 0.542299 ) ) + ( 0 , 25.2056 , -13.731 )
( -1000 , 379.084 , -575.259 )
( -22.0884 , 9.99216e-014 , 5.56657 )
( 0 , -57321.8 , 58482 )
( 2576.89 , -1.39889e-009 , -649.409 )
67
( ( 1 , -2.77556e-017 , 5.55112e-017 ) , ( -1.38778e-017 , 0.534896 , -0.844918 ) , ( -2.77556e-017 , 0.844918 , 0.534896 ) ) + ( 0 , 25.3475 , -13.9531 )
( -1000 , 355.318 , -550.209 )
( -20.9994 , -1.08248e-013 , 5.29211 )
( 0 , -56755.5 , 61758.2 )
( 2650.51 , 5.99523e-010 , -667.964 )
68
( ( 1 , -2.77556e-017 , 2.77556e-017 ) , ( 2.77556e-017 , 0.527866 , -0.849328 ) , ( 2.77556e-017 , 0.849328 , 0.527866 ) ) + ( 0 , 25.4798 , -14.164 )
( -1000 , 331.787 , -523.805 )
( -19.8797 , 4.99606e-014 , 5.00993 )
( 0 , -56195.7 , 64982.1 )
( 2724.14 , 1.59873e-010 , -686.518 )
69
( ( 1 , -5.55112e-017 , 4.16334e-017 ) , ( 5.55112e-017 , 0.521228 , -0.853418 ) , ( 2.77556e-017 , 0.853418 , 0.521228 ) ) + ( 0 , 25.6025 , -14.3632 )
( -1000 , 308.485 , -496.069 )
( -18.7293 , 9.15944e-014 , 4.72002 )
( 0 , -55654 , 68150.7 )
( 2797.76 , -1.19904e-010 , -705.073 )
70
( ( 1 , 2.77556e-017 , 2.77556e-017 ) , ( 1.38778e-017 , 0.514998 , -0.857191 ) , ( -5.55112e-017 , 0.857191 , 0.514998 ) ) + ( 0 , 25.7157 , -14.5501 )
( -1000 , 285.402 , -467.025 )
( -17.5482 , -9.9921e-014 , 4.42237 )
( 0 , -55142.4 , 71260.6 )
( 2871.39 , -6.3949e-010 , -723.627 )
71
( ( 1 , 2.77556e-017 , 5.55112e-017 ) , ( 4.16334e-017 , 0.509195 , -0.860651 ) , ( -5.55112e-017 , 0.860651 , 0.509195 ) ) + ( 0 , 25.8195 , -14.7241 )
( -1000 , 262.524 , -436.698 )
( -16.3364 , -1.24901e-013 , 4.11699 )
( 0 , -54673.1 , 74308.9 )
( 2945.01 , 6.79458e-010 , -742.182 )
72
( ( 1 , 0 , 2.77556e-017 ) , ( 0 , 0.503836 , -0.863799 ) , ( 0 , 0.863799 , 0.503836 ) ) + ( 0 , 25.914 , -14.8849 )
( -1000 , 239.83 , -405.116 )
( -15.0941 , 1.24901e-013 , 3.8039 )
( 0 , -54255 , 77286 )
( 3018.4 , 3.59713e-010 , -760.676 )
73
( ( 1 , 2.77556e-017 , 2.77556e-017 ) , ( -2.77556e-017 , 0.498937 , -0.866638 ) , ( -5.55112e-017 , 0.866638 , 0.498937 ) ) + ( 0 , 25.9991 , -15.0319 )
( -1000 , 217.295 , -372.303 )
( -13.8209 , 3.33069e-014 , 3.48306 )
( 0 , -53916.3 , 80215.3 )
( 3092.53 , -9.59234e-010 , -779.356 )
74
( ( 1 , -5.55112e-017 , 6.93889e-017 ) , ( 4.16334e-017 , 0.494515 , -0.869169 ) , ( 0 , 0.869169 , 0.494515 ) ) + ( 0 , 26.0751 , -15.1645 )
( -1000 , 194.886 , -338.289 )
( -12.5171 , -8.32671e-015 , 3.15447 )
( 0 , -53646.4 , 83053.4 )
( 3165.89 , 8.79298e-010 , -797.845 )
75
( ( 1 , 0 , -5.55112e-017 ) , ( -1.38778e-017 , 0.490586 , -0.871393 ) , ( 2.77556e-017 , 0.871393 , 0.490586 ) ) + ( 0 , 26.1418 , -15.2824 )
( -1000 , 172.569 , -303.106 )
( -11.1827 , 1.08247e-013 , 2.81817 )
( 0 , -53474.7 , 85824.6 )
( 3239.52 , -2.39808e-010 , -816.4 )
76
( ( 1 , 0 , 1.38778e-017 ) , ( 1.38778e-017 , 0.487164 , -0.87331 ) , ( 2.77556e-017 , 0.87331 , 0.487164 ) ) + ( 0 , 26.1993 , -15.3851 )
( -1000 , 150.301 , -266.784 )
( -9.81751 , -8.3267e-015 , 2.47414 )
( 0 , -53410.4 , 88518.5 )
( 3313.14 , -4.79617e-010 , -834.954 )
77
( ( 1 , -5.55112e-017 , 5.55112e-017 ) , ( 6.93889e-017 , 0.484266 , -0.874921 ) , ( 2.77556e-017 , 0.874921 , 0.484266 ) ) + ( 0 , 26.2476 , -15.472 )
( -1000 , 128.035 , -229.357 )
( -8.4217 , -1.33227e-013 , 2.12238 )
( 0 , -53467.1 , 91131.5 )
( 3386.77 , -1.59872e-010 , -853.509 )
78
( ( 1 , -2.77556e-017 , -1.38778e-017 ) , ( -2.77556e-017 , 0.481906 , -0.876223 ) , ( 2.77556e-017 , 0.876223 , 0.481906 ) ) + ( 0 , 26.2867 , -15.5428 )
( -1000 , 105.717 , -190.859 )
( -6.99521 , -1.66534e-014 , 1.76288 )
( 0 , -53658.5 , 93659.9 )
( 3460.39 , 7.19425e-010 , -872.064 )
79
( ( 1 , 2.77556e-017 , -8.32667e-017 ) , ( -6.93889e-017 , 0.480097 , -0.877216 ) , ( 2.77556e-017 , 0.877216 , 0.480097 ) ) + ( 0 , 26.3165 , -15.5971 )
( -1000 , 83.2889 , -151.326 )
( -5.53805 , 9.99202e-014 , 1.39566 )
( 0 , -53997.4 , 96097.3 )
( 3533.95 , -3.0089e-017 , -890.601 )
80
( ( 1 , 2.77556e-017 , 4.16334e-017 ) , ( 2.77556e-017 , 0.478853 , -0.877895 ) , ( -2.77556e-017 , 0.877895 , 0.478853 ) ) + ( 0 , 26.3369 , -15.6344 )
( -1000 , 60.6848 , -110.796 )
( -4.0502 , 0 , 1.0207 )
( 0 , -54502.2 , 98447.6 )
( 3607.74 , -5.59552e-010 , -909.197 )
81
( ( 1 , 2.77556e-017 , -1.38778e-017 ) , ( -2.77556e-017 , 0.478187 , -0.878258 ) , ( -2.77556e-017 , 0.878258 , 0.478187 ) ) + ( 0 , 26.3477 , -15.6544 )
( -1000 , 37.8345 , -69.3088 )
( -2.53166 , -8.32667e-014 , 0.63801 )
( 0 , -55179.3 , 100692 )
( 3681.27 , 1.59872e-010 , -927.727 )
82
( ( 1 , 2.77556e-017 , 1.249e-016 ) , ( 6.93889e-017 , 0.478111 , -0.878299 ) , ( -5.55112e-017 , 0.878299 , 0.478111 ) ) + ( 0 , 26.349 , -15.6567 )
( -1000 , 14.6622 , -26.9076 )
( -0.982457 , -1.33227e-013 , 0.247592 )
( 0 , -56047.9 , 102834 )
( 3754.89 , -1.59872e-010 , -946.282 )
83
( ( 1 , 2.77556e-017 , -4.16334e-017 ) , ( -5.55112e-017 , 0.478638 , -0.878012 ) , ( -2.77556e-017 , 0.878012 , 0.478638 ) ) + ( 0 , 26.3404 , -15.6409 )
( -1000 , -8.91459 , 16.3629 )
( 0.597421 , 3.33067e-014 , -0.150558 )
( 0 , -57120.5 , 104865 )
( 3828.52 , 8.79297e-010 , -964.836 )
84
( ( 1 , 0 , 2.77556e-017 ) , ( 2.77556e-017 , 0.479777 , -0.87739 ) , ( -2.77556e-017 , 0.87739 , 0.479777 ) ) + ( 0 , 26.3217 , -15.6067 )
( -1000 , -32.9836 , 60.4548 )
( 2.20798 , 1.16573e-013 , -0.556438 )
( 0 , -58410.8 , 106777 )
( 3902.14 , -5.59552e-010 , -983.391 )
85
( ( 1 , 5.55112e-017 , 6.93889e-017 ) , ( 0 , 0.48154 , -0.876424 ) , ( -5.55112e-017 , 0.876424 , 0.48154 ) ) + ( 0 , 26.2927 , -15.5538 )
( -1000 , -57.6384 , 105.317 )
( 3.84921 , -1.16573e-013 , -0.97005 )
( 0 , -59932.3 , 108562 )
( 3975.77 , -5.59552e-010 , -1001.95 )
86
( ( 1 , 2.77556e-017 , -1.38778e-017 ) , ( -1.38778e-017 , 0.483935 , -0.875104 ) , ( -2.77556e-017 , 0.875104 , 0.483935 ) ) + ( 0 , 26.2531 , -15.482 )
( -1000 , -82.9781 , 150.894 )
( 5.52112 , -1.66534e-014 , -1.39139 )
( 0 , -61698.4 , 110210 )
( 4049.4 , 1.35891e-009 , -1020.5 )
87
( ( 1 , 2.77556e-017 , 8.32667e-017 ) , ( 1.38778e-017 , 0.486971 , -0.873418 ) , ( -5.55112e-017 , 0.873418 , 0.486971 ) ) + ( 0 , 26.2025 , -15.3909 )
( -1000 , -109.108 , 197.129 )
( 7.22374 , 3.33067e-014 , -1.82047 )
( 0 , -63724.7 , 111717 )
( 4123.17 , -1.43885e-009 , -1039.09 )
88
( ( 1 , -8.32667e-017 , 1.38778e-017 ) , ( 2.77556e-017 , 0.490657 , -0.871353 ) , ( 5.55112e-017 , 0.871353 , 0.490657 ) ) + ( 0 , 26.1406 , -15.2803 )
( -1000 , -136.137 , 243.956 )
( 8.95701 , 4.99602e-014 , -2.25728 )
( 0 , -66014.8 , 113053 )
( 4196.52 , 1.47882e-009 , -1057.58 )
89
( ( 1 , 5.55112e-017 , -1.38778e-017 ) , ( -1.38778e-017 , 0.494998 , -0.868894 ) , ( -2.77556e-017 , 0.868894 , 0.494998 ) ) + ( 0 , 26.0668 , -15.1501 )
( -1000 , -164.18 , 291.306 )
( 10.7209 , 2.49801e-014 , -2.70181 )
( 0 , -68593.8 , 114229 )
( 4270.27 , -1.39888e-009 , -1076.16 )
90
( ( 1 , 0 , 2.77556e-017 ) , ( 1.38778e-017 , 0.5 , -0.866025 ) , ( -2.77556e-017 , 0.866025 , 0.5 ) ) + ( 0 , 25.9808 , -15 )
( -1000 , -193.36 , 339.107 )
( 12.5155 , -9.15938e-014 , -3.15408 )
( 0 , -71465.5 , 115215 )
( 4343.9 , 8.3933e-010 , -1094.72 )
91
( ( 1 , 0 , 2.77556e-017 ) , ( -1.38778e-017 , 0.506033 , -0.862514 ) , ( 0 , 0.862514 , 0.506033 ) ) + ( 0 , 25.8754 , -14.819 )
( -1000 , -231.562 , 400.516 )
( 14.8329 , 8.32673e-014 , -3.73808 )
( 0 , -111908 , 179549 )
( 6779.44 , -3.19745e-010 , -1708.51 )
92
( ( 1 , -2.77556e-017 , -1.38778e-017 ) , ( 0 , 0.513426 , -0.858134 ) , ( 0 , 0.858134 , 0.513426 ) ) + ( 0 , 25.744 , -14.5972 )
( -1000 , -286.403 , 487.263 )
( 18.1212 , 4.16338e-014 , -4.56679 )
( 0 , -151326 , 236833 )
( 9004.62 , 1.19904e-010 , -2269.28 )
93
( ( 1 , 2.77556e-017 , 0 ) , ( 0 , 0.522119 , -0.852873 ) , ( -2.77556e-017 , 0.852873 , 0.522119 ) ) + ( 0 , 25.5862 , -14.3364 )
( -1000 , -349.92 , 583.813 )
( 21.8228 , -1.66536e-014 , -5.49962 )
( 0 , -153556 , 226607 )
( 8762.7 , -1.99841e-010 , -2208.31 )
94
( ( 1 , 2.77556e-017 , 2.77556e-017 ) , ( 1.38778e-017 , 0.532051 , -0.846712 ) , ( 0 , 0.846712 , 0.532051 ) ) + ( 0 , 25.4014 , -14.0385 )
( -1000 , -414.531 , 675.972 )
( 25.4236 , -6.66147e-014 , -6.40708 )
( 0 , -156579 , 215756 )
( 8521.29 , -3.99684e-011 , -2147.47 )
95
( ( 1 , -2.77556e-017 , 8.32667e-017 ) , ( 4.16334e-017 , 0.543155 , -0.839632 ) , ( -2.77556e-017 , 0.839632 , 0.543155 ) ) + ( 0 , 25.189 , -13.7054 )
( -1000 , -480.534 , 763.471 )
( 28.9235 , -2.49807e-014 , -7.28911 )
( 0 , -160233 , 204242 )
( 8278.44 , 1.99841e-010 , -2086.27 )
96
( ( 1 , 0 , 2.77556e-017 ) , ( 2.77556e-017 , 0.555362 , -0.831609 ) , ( -5.55112e-017 , 0.831609 , 0.555362 ) ) + ( 0 , 24.9483 , -13.3391 )
( -1000 , -548.172 , 846.053 )
( 32.3226 , -3.33078e-014 , -8.14571 )
( 0 , -164433 , 192153 )
( 8036.96 , -1.99842e-010 , -2025.42 )
97
( ( 1 , 2.77556e-017 , 5.55112e-017 ) , ( -1.38778e-017 , 0.568599 , -0.822615 ) , ( -2.77556e-017 , 0.822615 , 0.568599 ) ) + ( 0 , 24.6784 , -12.942 )
( -1000 , -617.642 , 923.471 )
( 35.6209 , 1.6654e-014 , -8.97693 )
( 0 , -169019 , 179452 )
( 7795.04 , 3.99684e-010 , -1964.45 )
98
( ( 1 , -2.77556e-017 , -2.77556e-017 ) , ( 0 , 0.582791 , -0.812622 ) , ( 2.77556e-017 , 0.812622 , 0.582791 ) ) + ( 0 , 24.3787 , -12.5163 )
( -1000 , -689.077 , 995.474 )
( 38.8185 , 9.15976e-014 , -9.78275 )
( 0 , -173870 , 166164 )
( 7553.13 , 1.19906e-010 , -1903.49 )
99
( ( 1 , -5.55112e-017 , 2.77556e-017 ) , ( 4.16334e-017 , 0.597856 , -0.801604 ) , ( 0 , 0.801604 , 0.597856 ) ) + ( 0 , 24.0481 , -12.0643 )
( -1000 , -762.562 , 1061.82 )
( 41.9152 , 4.16356e-014 , -10.5632 )
( 0 , -178859 , 152302 )
( 7311.21 , -3.59717e-010 , -1842.52 )
100
( ( 1 , 2.77556e-017 , 0 ) , ( 1.38778e-017 , 0.613713 , -0.789529 ) , ( -2.77556e-017 , 0.789529 , 0.613713 ) ) + ( 0 , 23.6859 , -11.5886 )
( -1000 , -838.128 , 1122.28 )
( 44.9111 , -4.16359e-014 , -11.3182 )
( 0 , -183859 , 137887 )
( 7069.3 , -3.99687e-011 , -1781.55 )
101
( ( 1 , 2.77556e-017 , 0 ) , ( -2.77556e-017 , 0.630275 , -0.776372 ) , ( -2.77556e-017 , 0.776372 , 0.630275 ) ) + ( 0 , 23.2911 , -11.0917 )
( -1000 , -915.756 , 1176.62 )
( 47.8063 , -9.15998e-014 , -12.0478 )
( 0 , -188751 , 122939 )
( 6827.38 , -1.59875e-010 , -1720.59 )
102
( ( 1 , 0 , 2.77556e-017 ) , ( 4.16334e-017 , 0.647455 , -0.762104 ) , ( -2.77556e-017 , 0.762104 , 0.647455 ) ) + ( 0 , 22.8631 , -10.5763 )
( -1000 , -995.377 , 1224.63 )
( 50.6008 , 2.4982e-014 , -12.7521 )
( 0 , -193432 , 107509 )
( 6586.38 , 3.59719e-010 , -1659.85 )
103
( ( 1 , -8.32667e-017 , 5.55112e-017 ) , ( 4.16334e-017 , 0.66516 , -0.746701 ) , ( -2.77556e-017 , 0.746701 , 0.66516 ) ) + ( 0 , 22.401 , -10.0452 )
( -1000 , -1076.87 , 1266.1 )
( 53.2944 , 8.3274e-014 , -13.4309 )
( 0 , -197717 , 91542.5 )
( 6342.68 , 1.19907e-010 , -1598.44 )
104
( ( 1 , 2.77556e-017 , 5.55112e-017 ) , ( -4.16334e-017 , 0.683297 , -0.73014 ) , ( -5.55112e-017 , 0.73014 , 0.683297 ) ) + ( 0 , 21.9042 , -9.50108 )
( -1000 , -1160.06 , 1300.84 )
( 55.8869 , -7.49473e-014 , -14.0842 )
( 0 , -201603 , 75208.8 )
( 6101.64 , -1.03919e-009 , -1537.69 )
105
( ( 1 , 0 , 0 ) , ( -4.16334e-017 , 0.70177 , -0.712404 ) , ( -2.77556e-017 , 0.712404 , 0.70177 ) ) + ( 0 , 21.3721 , -8.94691 )
( -1000 , -1244.75 , 1328.68 )
( 58.3789 , -7.49479e-014 , -14.7122 )
( 0 , -204915 , 58469.1 )
( 5859.72 , 9.59257e-010 , -1476.73 )
106
( ( 1 , 0 , 0 ) , ( 1.38778e-017 , 0.72048 , -0.693476 ) , ( 2.77556e-017 , 0.693476 , 0.72048 ) ) + ( 0 , 20.8043 , -8.3856 )
( -1000 , -1330.68 , 1349.49 )
( 60.77 , 1.16587e-013 , -15.3148 )
( 0 , -207574 , 41398.1 )
( 5617.81 , 1.59877e-010 , -1415.76 )
107
( ( 1 , 2.77556e-017 , 0 ) , ( -1.38778e-017 , 0.739328 , -0.673345 ) , ( 0 , 0.673345 , 0.739328 ) ) + ( 0 , 20.2004 , -7.82016 )
( -1000 , -1417.57 , 1363.13 )
( 63.0604 , 4.16385e-014 , -15.892 )
( 0 , -209487 , 24056.5 )
( 5375.89 , -5.196e-010 , -1354.79 )
108
( ( 1 , 0 , 5.55112e-017 ) , ( 2.77556e-017 , 0.758214 , -0.652006 ) , ( -2.77556e-017 , 0.652006 , 0.758214 ) ) + ( 0 , 19.5602 , -7.25359 )
( -1000 , -1505.08 , 1369.5 )
( 65.2499 , -2.49833e-014 , -16.4438 )
( 0 , -210573 , 6511.66 )
( 5133.98 , 3.9969e-011 , -1293.83 )
109
( ( 1 , -2.77556e-017 , -2.77556e-017 ) , ( 1.38778e-017 , 0.777035 , -0.629457 ) , ( 2.77556e-017 , 0.629457 , 0.777035 ) ) + ( 0 , 18.8837 , -6.68894 )
( -1000 , -1592.87 , 1368.53 )
( 67.339 , 4.58031e-014 , -16.9703 )
( 0 , -210785 , -11138.5 )
( 4893.25 , 4.59649e-010 , -1233.16 )
110
( ( 1 , 0 , -2.77556e-017 ) , ( 2.77556e-017 , 0.795691 , -0.605702 ) , ( 5.55112e-017 , 0.605702 , 0.795691 ) ) + ( 0 , 18.1711 , -6.12926 )
( -1000 , -1680.52 , 1360.19 )
( 69.3269 , 4.16395e-014 , -17.4713 )
( 0 , -209945 , -28907.1 )
( 4648.99 , -3.19756e-010 , -1171.61 )
111
( ( 1 , 0 , 0 ) , ( 0 , 0.81408 , -0.580753 ) , ( -2.77556e-017 , 0.580753 , 0.81408 ) ) + ( 0 , 17.4226 , -5.57761 )
( -1000 , -1767.63 , 1344.46 )
( 71.2138 , -7.49518e-014 , -17.9468 )
( 0 , -208165 , -46566.6 )
( 4408.23 , -2.19833e-010 , -1110.93 )
112
( ( 1 , 2.77556e-017 , -2.77556e-017 ) , ( -2.77556e-017 , 0.8321 , -0.554625 ) , ( 0 , 0.554625 , 0.8321 ) ) + ( 0 , 16.6388 , -5.037 )
( -1000 , -1853.76 , 1321.41 )
( 73.0002 , -4.99682e-014 , -18.397 )
( 0 , -205289 , -64119.4 )
( 4166.32 , 1.59878e-010 , -1049.97 )
113
( ( 1 , -2.77556e-017 , 0 ) , ( 2.77556e-017 , 0.849653 , -0.527342 ) , ( -2.77556e-017 , 0.527342 , 0.849653 ) ) + ( 0 , 15.8203 , -4.51041 )
( -1000 , -1938.47 , 1291.08 )
( 74.6858 , 8.3281e-015 , -18.8218 )
( 0 , -201312 , -81445.7 )
( 3924.4 , -5.99547e-011 , -989 )
114
( ( 1 , 1.38778e-017 , 8.32667e-017 ) , ( 6.93889e-018 , 0.866641 , -0.498933 ) , ( -2.77556e-017 , 0.498933 , 0.866641 ) ) + ( 0 , 14.968 , -4.00078 )
( -1000 , -2021.29 , 1253.6 )
( 76.2705 , 4.16408e-015 , -19.2212 )
( 0 , -196210 , -98445.9 )
( 3682.49 , 5.99546e-011 , -928.034 )
115
( ( 1 , 0 , 0 ) , ( 1.38778e-017 , 0.882968 , -0.469433 ) , ( 0 , 0.469433 , 0.882968 ) ) + ( 0 , 14.083 , -3.51095 )
( -1000 , -2101.74 , 1209.13 )
( 77.7545 , -4.16411e-015 , -19.5951 )
( 0 , -189973 , -115018 )
( 3440.57 , 6.99473e-011 , -867.068 )
116
( ( 1 , 0 , 0 ) , ( -1.38778e-017 , 0.898544 , -0.438884 ) , ( 2.77556e-017 , 0.438884 , 0.898544 ) ) + ( 0 , 13.1665 , -3.04369 )
( -1000 , -2179.36 , 1157.86 )
( 79.1377 , -2.08207e-015 , -19.9437 )
( 0 , -182602 , -131058 )
( 3198.66 , -5.99549e-011 , -806.103 )
117
( ( 1 , 1.38778e-017 , -2.77556e-017 ) , ( -2.08167e-017 , 0.913278 , -0.407337 ) , ( 0 , 0.407337 , 0.913278 ) ) + ( 0 , 12.2201 , -2.60166 )
( -1000 , -2253.69 , 1100.05 )
( 80.4203 , 2.4985e-014 , -20.267 )
( 0 , -174151 , -146445 )
( 2958.14 , 1.79865e-010 , -745.49 )
118
( ( 1 , -4.16334e-017 , -2.77556e-017 ) , ( 1.38778e-017 , 0.927088 , -0.374844 ) , ( 2.77556e-017 , 0.374844 , 0.927088 ) ) + ( 0 , 11.2453 , -2.18737 )
( -1000 , -2324.24 , 1035.97 )
( 81.6019 , 4.16419e-014 , -20.5647 )
( 0 , -164487 , -161148 )
( 2713.44 , -1.09918e-010 , -683.823 )
119
( ( 1 , 1.38778e-017 , 0 ) , ( -6.93889e-018 , 0.939893 , -0.341469 ) , ( 2.77556e-017 , 0.341469 , 0.939893 ) ) + ( 0 , 10.2441 , -1.80321 )
( -1000 , -2390.56 , 965.948 )
( 82.6824 , 3.53958e-014 , -20.837 )
( 0 , -153883 , -174955 )
( 2472.91 , -5.99552e-011 , -623.205 )
120
( ( 1 , 0 , -2.77556e-017 ) , ( -1.38778e-017 , 0.95162 , -0.307277 ) , ( 5.55112e-017 , 0.307277 , 0.95162 ) ) + ( 0 , 9.21832 , -1.4514 )
( -1000 , -2452.25 , 890.365 )
( 83.6624 , -5.20529e-015 , -21.084 )
( 0 , -142232 , -187844 )
( 2230.99 , -1.49888e-010 , -562.239 )
121
( ( 1 , 1.38778e-017 , -2.77556e-017 ) , ( -2.08167e-017 , 0.962201 , -0.272341 ) , ( 0 , 0.272341 , 0.962201 ) ) + ( 0 , 8.17024 , -1.13398 )
( -1000 , -2508.89 , 809.626 )
( 84.5416 , -4.16425e-015 , -21.3056 )
( 0 , -129635 , -199703 )
( 1989.08 , 1.59881e-010 , -501.274 )
122
( ( 1 , -1.38778e-017 , 2.77556e-017 ) , ( 3.46945e-018 , 0.971573 , -0.236738 ) , ( -5.55112e-017 , 0.236738 , 0.971573 ) ) + ( 0 , 7.10215 , -0.852797 )
( -1000 , -2560.1 , 724.178 )
( 85.32 , -9.68193e-014 , -21.5017 )
( 0 , -116162 , -210445 )
( 1747.16 , -4.49666e-010 , -440.308 )
123
( ( 1 , 0 , 5.55112e-017 ) , ( 3.46945e-018 , 0.979683 , -0.200551 ) , ( -5.55112e-017 , 0.200551 , 0.979683 ) ) + ( 0 , 6.01652 , -0.6095 )
( -1000 , -2605.53 , 634.504 )
( 85.9976 , -6.40259e-014 , -21.6725 )
( 0 , -101894 , -219990 )
( 1505.25 , 7.76923e-010 , -379.342 )
124
( ( 1 , -6.93889e-018 , 2.77556e-017 ) , ( 1.04083e-017 , 0.986483 , -0.163864 ) , ( -2.77556e-017 , 0.163864 , 0.986483 ) ) + ( 0 , 4.91592 , -0.405512 )
( -1000 , -2644.86 , 541.118 )
( 86.5743 , 6.81904e-014 , -21.8178 )
( 0 , -86920.8 , -228264 )
( 1263.33 , -1.52387e-010 , -318.377 )
125
( ( 1 , -6.93889e-018 , 0 ) , ( 8.67362e-018 , 0.991932 , -0.126768 ) , ( -2.77556e-017 , 0.126768 , 0.991932 ) ) + ( 0 , 3.80304 , -0.242028 )
( -1000 , -2677.84 , 444.562 )
( 87.0503 , 3.35747e-014 , -21.9378 )
( 0 , -71341.9 , -235204 )
( 1021.42 , -8.74342e-012 , -257.411 )
126
( ( 1 , 3.46945e-018 , 0 ) , ( 1.73472e-018 , 0.996 , -0.0893546 ) , ( 2.77556e-017 , 0.0893546 , 0.996 ) ) + ( 0 , 2.68064 , -0.120004 )
( -1000 , -2704.21 , 345.404 )
( 87.4255 , 3.24036e-014 , -22.0324 )
( 0 , -55261.8 , -240756 )
( 779.505 , -1.57383e-010 , -196.445 )
127
( ( 1 , 1.73472e-018 , 8.32667e-017 ) , ( 0 , 0.998662 , -0.0517186 ) , ( -5.55112e-017 , 0.0517186 , 0.998662 ) ) + ( 0 , 1.55156 , -0.040149 )
( -1000 , -2723.81 , 244.23 )
( 87.6999 , -3.34447e-014 , -22.1015 )
( 0 , -38791.8 , -244878 )
( 537.59 , -1.58633e-010 , -135.48 )
128
( ( 1 , -8.67362e-019 , 2.77556e-017 ) , ( 6.50521e-019 , 0.999903 , -0.0139554 ) , ( -2.77556e-017 , 0.0139554 , 0.999903 ) ) + ( 0 , 0.418663 , -0.00292145 )
( -1000 , -2736.5 , 141.644 )
( 87.8741 , -3.32495e-014 , -22.1454 )
( 0 , -22141.5 , -247534 )
( 298.695 , 3.19919e-010 , -75.275 )
129
( ( 1 , -8.67362e-019 , 0 ) , ( 0 , 0.999716 , 0.0238367 ) , ( -2.77556e-017 , -0.0238367 , 0.999716 ) ) + ( 0 , -0.715101 , -0.00852404 )
( -1000 , -2742.17 , 38.2594 )
( 87.9469 , 0 , -22.1638 )
( 0 , -5052.83 , -248713 )
( 50.7393 , -3.19861e-010 , -12.787 )
130
( ( 1 , -1.73472e-018 , 0 ) , ( 0 , 0.998103 , 0.0615612 ) , ( 0 , -0.0615612 , 0.998103 ) ) + ( 0 , -1.84684 , -0.0569006 )
( -1000 , -2740.76 , -65.3031 )
( 87.9183 , 3.33553e-014 , -22.1565 )
( 0 , 11788.6 , -248387 )
( -188.158 , 3.19627e-010 , 47.4183 )
131
( ( 1 , -6.93889e-018 , 0 ) , ( 6.93889e-018 , 0.995075 , 0.0991212 ) , ( 0 , -0.0991212 , 0.995075 ) ) + ( 0 , -2.97364 , -0.147739 )
( -1000 , -2732.34 , -168.42 )
( 87.7895 , 3.3217e-014 , -22.1241 )
( 0 , 28638.3 , -246575 )
( -430.073 , -1.60428e-010 , 108.384 )
132
( ( 1 , -6.93889e-018 , 0 ) , ( 6.93889e-018 , 0.990651 , 0.136421 ) , ( 0 , -0.136421 , 0.990651 ) ) + ( 0 , -4.09264 , -0.280473 )
( -1000 , -2716.94 , -270.474 )
( 87.5599 , -1.30135e-016 , -22.0662 )
( 0 , 45282.4 , -243285 )
( -671.988 , 1.24907e-012 , 169.35 )
133
( ( 1 , 0 , 2.77556e-017 ) , ( -6.93889e-018 , 0.984857 , 0.173368 ) , ( 0 , -0.173368 , 0.984857 ) ) + ( 0 , -5.20104 , -0.454286 )
( -1000 , -2694.67 , -370.856 )
( 87.2295 , -3.22734e-014 , -21.983 )
( 0 , 61603.4 , -238545 )
( -913.903 , -3.15391e-010 , 230.315 )
134
( ( 1 , -6.93889e-018 , 8.32667e-017 ) , ( 6.93889e-018 , 0.977729 , 0.20987 ) , ( -5.55112e-017 , -0.20987 , 0.977729 ) ) + ( 0 , -6.29609 , -0.668119 )
( -1000 , -2665.7 , -468.968 )
( 86.7983 , -1.33258e-013 , -21.8743 )
( 0 , 77487.8 , -232392 )
( -1155.82 , -1.72372e-010 , 291.281 )
135
( ( 1 , 0 , 2.77556e-017 ) , ( -6.93889e-018 , 0.969311 , 0.245839 ) , ( -2.77556e-017 , -0.245839 , 0.969311 ) ) + ( 0 , -7.37516 , -0.920676 )
( -1000 , -2630.21 , -564.231 )
( 86.2663 , -9.9943e-014 , -21.7402 )
( 0 , 92827.1 , -224873 )
( -1397.73 , 4.94633e-010 , 352.247 )
136
( ( 1 , -1.38778e-017 , 2.77556e-017 ) , ( 1.38778e-017 , 0.959652 , 0.28119 ) , ( -2.77556e-017 , -0.28119 , 0.959652 ) ) + ( 0 , -8.43571 , -1.21044 )
( -1000 , -2588.47 , -656.09 )
( 85.6336 , 6.61079e-014 , -21.5808 )
